85
58
60
94
69
89
99
94
82
86
57
87
62
71
62
74
82
70
93
88
51
73
67
68
93
76
70
90
93
80
66
53
55
90
75
61
66
55
58
62
70
89
67
65
85
64
81
72
57
67
94
54
52
73
70
50
77
69
81
67
77
94
70
79
93
97
74
50
92
62
83
72
70
58
66
81
80
90
60
76
96
75
95
75
87
93
85
75
74
81
79
75
71
79
50
52
65
55
86
97
90
73
69
66
61
87
99
96
77
58
72
99
86
98
64
74
79
87
66
70
56
79
100
71
95
65
93
72
90
79
82
98
61
100
77
91
62
56
74
68
85
92
85
79
99
71
52
62
69
94
73
95
60
94
80
76
71
64
87
58
83
61
92
63
99
95
98
78
79
82
92
97
92
55
96
96
53
61
93
72
75
88
91
50
67
89
70
69
86
69
89
52
64
96
60
99
62
53
83
74
63
93
60
71
65
93
70
54
66
70
65
100
87
75
67
100
78
72
82
56
76
94
58
52
85
86
76
59
62
52
59
84
65
89
82
60
63
74
98
80
88
66
55
77
87
94
53
61
64
61
67
64
81
82
89
54
81
85
90
70
63
68
57
83
51
81
61
54
75
91
87
57
69
78
62
93
60
78
68
82
85
90
74
97
62
53
70
85
87
83
67
69
64
51
84
89
51
93
84
72
100
68
81
73
98
91
50
65
80
93
83
67
56
73
67
61
54
51
74
74
60
76
59
51
78
89
54
100
65
63
98
73
65
67
57
86
63
87
96
63
90
94
90
70
92
66
64
55
69
59
84
51
95
95
76
80
66
67
73
62
85
68
93
63
81
70
84
98
74
98
85
62
100
77
84
73
62
53
53
90
56
74
54
96
55
64
76
88
79
90
59
70
56
67
95
92
57
82
97
72
53
74
62
53
87
95
61
68
98
83
88
70
88
84
59
65
55
50
54
62
76
89
89
81
100
91
59
54
58
89
84
89
61
67
80
82
93
75
90
97
67
84
67
82
87
59
50
56
70
83
74
79
97
55
93
93
73
58
67
76
81
78
98
78
67
64
85
96
67
84
56
66
66
82
56
52
91
66
95
56
50
92
59
80
76
66
70
72
71
76
56
52
77
81
80
78
67
73
62
90
76
58
81
84
67
91
76
86
74
72
80
75
54
69
96
83
70
64
65
90
67
76
89
72
61
65
97
86
53
61
63
77
69
50
83
78
55
88
82
51
53
53
57
83
78
81
82
63
58
89
68
53
97
69
82
60
97
87
92
50
93
70
92
83
88
78
62
53
73
85
72
67
93
88
87
69
93
60
80
58
53
72
99
84
90
55
62
90
64
59
91
87
51
91
97
60
66
87
53
79
68
90
75
50
88
70
100
65
58
65
74
89
97
99
56
70
88
83
60
59
84
55
83
71
100
95
55
77
56
93
57
71
71
97
51
73
81
84
77
54
58
82
56
59
60
75
88
72
98
56
69
90
71
93
92
70
86
78
96
65
74
87
96
90
68
55
53
82
84
61
60
57
71
56
73
85
96
50
96
53
80
57
68
64
60
96
78
76
76
88
58
79
76
99
97
66
66
86
60
62
73
93
72
72
93
74
69
93
75
93
66
60
53
56
59
62
51
79
63
70
59
72
91
98
89
73
60
95
50
99
61
91
65
92
99
89
76
82
50
51
76
91
65
95
77
91
50
54
83
65
97
63
77
53
88
54
54
72
70
87
66
90
99
64
97
67
66
56
84
62
83
82
80
94
90
63
89
62
52
57
86
53
68
99
92
71
57
86
84
70
72
86
65
86
95
69
59
56
67
94
71
62
59
58
69
95
74
73
70
52
81
87
99
85
56
77
61
59
53
79
95
78
91
61
96
93
92
92
90
77
53
95
81
76
61
78
82
64
53
58
69
53
66
92
87
73
54
52
57
95
100
92
69
70
77
100
86
83
96
80
82
78
56
54
60
88
97
89
76
51
85
91
73
90
54
95
52
77
93
81
97
93
55
66
60
51
58
60
62
100
90
94
92
100
53
98
86
51
90
69
59
51
79
91
62
94
94
91
100
65
95
50
68
53
86
79
57
60
50
69
77
70
54
66
93
81
79
62
99
86
56
57
91
78
93
55
72
55
76
62
68
76
62
60
99
52
56
52
73
91
54
94
73
90
80
81
98
51
77
79
65
66
84
97
54
54
80
58
75
87
97
77
96
91
73
85
74
57
94
97
55
52
55
64
92
71
92
78
86
74
87
56
96
51
55
75
76
98
79
75